14
0 "V1"
1 "V2"
2 "V3"
3 "V4"
4 "V5"
5 "V6"
6 "V7"
7 "V8"
8 "V9"
9 "V10"
10 "V11"
11 "V12"
12 "V13"
13 "V14"
9
0 2
0 3
0 1
0 7
0 6
0 10
0 9
0 4
0 8
10
1 8
1 7
1 9
1 5
1 11
1 4
1 6
1 0
1 3
1 2
11
2 0
2 6
2 9
2 3
2 11
2 1
2 13
2 7
2 5
2 10
2 8
10
3 9
3 5
3 2
3 6
3 4
3 8
3 10
3 13
3 11
3 1
8
4 10
4 2
4 7
4 13
4 5
4 0
4 11
4 9
8
5 6
5 12
5 13
5 11
5 1
5 9
5 3
5 8
12
6 11
6 2
6 9
6 8
6 5
6 4
6 10
6 3
6 1
6 7
6 12
6 0
9
7 0
7 4
7 8
7 6
7 11
7 3
7 1
7 9
7 5
10
8 6
8 13
8 1
8 2
8 3
8 7
8 5
8 9
8 10
8 4
10
9 13
9 5
9 1
9 4
9 8
9 11
9 2
9 7
9 0
9 3
8
10 4
10 2
10 3
10 8
10 6
10 5
10 0
10 11
9
11 10
11 2
11 5
11 0
11 6
11 7
11 3
11 1
11 4
6
12 8
12 0
12 9
12 1
12 11
12 5
8
13 7
13 8
13 6
13 0
13 2
13 4
13 9
13 5
