14
0 "V1"
1 "V2"
2 "V3"
3 "V4"
4 "V5"
5 "V6"
6 "V7"
7 "V8"
8 "V9"
9 "V10"
10 "V11"
11 "V12"
12 "V13"
13 "V14"
5
0 1
0 3
0 2
0 8
0 6
11
1 3
1 6
1 7
1 0
1 11
1 2
1 5
1 12
1 8
1 4
1 13
7
2 7
2 8
2 3
2 1
2 9
2 0
2 4
7
3 1
3 5
3 2
3 4
3 6
3 13
3 10
6
4 6
4 11
4 5
4 2
4 13
4 7
4
5 13
5 1
5 12
5 4
6
6 3
6 5
6 2
6 11
6 1
6 4
7
7 2
7 11
7 4
7 1
7 9
7 5
7 6
10
8 10
8 7
8 4
8 11
8 12
8 13
8 1
8 9
8 2
8 0
4
9 12
9 1
9 2
9 0
2
10 2
10 13
5
11 8
11 7
11 4
11 3
11 1
2
12 8
12 2
7
13 3
13 2
13 9
13 1
13 0
13 7
13 8
