14
0 "V1"
1 "V2"
2 "V3"
3 "V4"
4 "V5"
5 "V6"
6 "V7"
7 "V8"
8 "V9"
9 "V10"
10 "V11"
11 "V12"
12 "V13"
13 "V14"
12
0 10
0 9
0 1
0 2
0 4
0 3
0 13
0 7
0 12
0 8
0 5
0 6
11
1 2
1 8
1 5
1 0
1 12
1 11
1 3
1 7
1 10
1 6
1 4
12
2 8
2 0
2 10
2 4
2 5
2 12
2 1
2 11
2 3
2 7
2 9
2 13
12
3 2
3 10
3 1
3 12
3 0
3 8
3 4
3 9
3 6
3 7
3 5
3 11
9
4 10
4 8
4 3
4 7
4 1
4 5
4 12
4 2
4 0
9
5 6
5 3
5 8
5 12
5 2
5 9
5 7
5 4
5 0
9
6 8
6 9
6 5
6 12
6 1
6 3
6 7
6 10
6 0
10
7 3
7 6
7 0
7 1
7 11
7 2
7 4
7 13
7 8
7 5
11
8 9
8 6
8 12
8 1
8 2
8 0
8 7
8 3
8 5
8 11
8 4
9
9 2
9 6
9 11
9 4
9 3
9 8
9 0
9 12
9 5
10
10 0
10 4
10 2
10 12
10 11
10 5
10 3
10 1
10 6
10 8
6
11 5
11 1
11 2
11 7
11 0
11 4
11
12 2
12 1
12 5
12 6
12 3
12 11
12 13
12 7
12 8
12 10
12 0
5
13 2
13 4
13 7
13 3
13 0
