14
0 "V1"
1 "V2"
2 "V3"
3 "V4"
4 "V5"
5 "V6"
6 "V7"
7 "V8"
8 "V9"
9 "V10"
10 "V11"
11 "V12"
12 "V13"
13 "V14"
12
0 11
0 1
0 8
0 5
0 12
0 3
0 9
0 6
0 13
0 7
0 4
0 2
12
1 2
1 8
1 5
1 12
1 4
1 10
1 9
1 11
1 0
1 6
1 3
1 13
10
2 0
2 11
2 1
2 5
2 9
2 3
2 8
2 13
2 7
2 12
13
3 12
3 9
3 2
3 13
3 10
3 1
3 11
3 7
3 4
3 0
3 5
3 6
3 8
10
4 7
4 9
4 1
4 2
4 6
4 13
4 3
4 11
4 8
4 0
8
5 6
5 3
5 0
5 1
5 10
5 11
5 2
5 12
10
6 7
6 8
6 10
6 4
6 2
6 1
6 5
6 3
6 12
6 11
10
7 13
7 6
7 4
7 10
7 11
7 2
7 9
7 1
7 3
7 12
11
8 6
8 1
8 13
8 3
8 9
8 0
8 12
8 11
8 4
8 2
8 5
10
9 1
9 7
9 8
9 0
9 4
9 6
9 5
9 3
9 12
9 10
9
10 2
10 12
10 5
10 7
10 6
10 3
10 11
10 0
10 4
10
11 7
11 0
11 4
11 10
11 1
11 9
11 2
11 3
11 6
11 5
8
12 6
12 7
12 1
12 13
12 0
12 2
12 8
12 5
10
13 4
13 3
13 9
13 1
13 6
13 7
13 11
13 2
13 0
13 12
