14
0 "V1"
1 "V2"
2 "V3"
3 "V4"
4 "V5"
5 "V6"
6 "V7"
7 "V8"
8 "V9"
9 "V10"
10 "V11"
11 "V12"
12 "V13"
13 "V14"
9
0 1
0 3
0 4
0 11
0 7
0 5
0 6
0 9
0 8
10
1 2
1 8
1 5
1 6
1 0
1 9
1 3
1 12
1 7
1 10
10
2 1
2 8
2 4
2 3
2 5
2 9
2 10
2 13
2 7
2 11
9
3 5
3 1
3 9
3 12
3 2
3 8
3 6
3 7
3 0
8
4 11
4 5
4 10
4 1
4 3
4 2
4 7
4 13
9
5 0
5 4
5 3
5 1
5 2
5 10
5 9
5 8
5 12
8
6 10
6 3
6 11
6 1
6 8
6 5
6 0
6 7
10
7 1
7 10
7 4
7 5
7 11
7 9
7 0
7 12
7 3
7 8
10
8 3
8 7
8 12
8 2
8 11
8 4
8 1
8 6
8 0
8 13
8
9 1
9 11
9 0
9 4
9 2
9 8
9 12
9 5
9
10 8
10 12
10 4
10 11
10 6
10 5
10 9
10 13
10 0
7
11 4
11 6
11 12
11 7
11 1
11 2
11 5
9
12 4
12 8
12 7
12 11
12 2
12 0
12 9
12 1
12 5
4
13 6
13 1
13 5
13 7
