14
0 "V1"
1 "V2"
2 "V3"
3 "V4"
4 "V5"
5 "V6"
6 "V7"
7 "V8"
8 "V9"
9 "V10"
10 "V11"
11 "V12"
12 "V13"
13 "V14"
7
0 4
0 1
0 3
0 8
0 2
0 7
0 9
10
1 7
1 8
1 2
1 4
1 10
1 9
1 12
1 3
1 5
1 6
9
2 5
2 1
2 8
2 0
2 11
2 4
2 3
2 9
2 12
10
3 2
3 6
3 1
3 4
3 5
3 0
3 10
3 11
3 12
3 8
8
4 3
4 6
4 10
4 5
4 0
4 1
4 8
4 2
10
5 1
5 10
5 8
5 4
5 3
5 7
5 12
5 2
5 6
5 0
9
6 8
6 2
6 1
6 4
6 3
6 12
6 0
6 10
6 5
8
7 8
7 9
7 5
7 12
7 3
7 11
7 10
7 0
9
8 10
8 1
8 12
8 3
8 6
8 9
8 2
8 7
8 0
10
9 4
9 10
9 3
9 0
9 6
9 7
9 1
9 11
9 13
9 8
10
10 8
10 5
10 0
10 7
10 2
10 4
10 3
10 1
10 12
10 9
7
11 3
11 2
11 1
11 13
11 6
11 9
11 7
7
12 4
12 10
12 7
12 11
12 5
12 8
12 0
2
13 2
13 12
