14
0 "V1"
1 "V2"
2 "V3"
3 "V4"
4 "V5"
5 "V6"
6 "V7"
7 "V8"
8 "V9"
9 "V10"
10 "V11"
11 "V12"
12 "V13"
13 "V14"
11
0 6
0 3
0 7
0 13
0 9
0 5
0 1
0 4
0 8
0 2
0 12
10
1 9
1 10
1 11
1 0
1 4
1 3
1 12
1 8
1 5
1 13
11
2 0
2 4
2 10
2 9
2 11
2 1
2 7
2 6
2 13
2 12
2 8
10
3 1
3 11
3 0
3 7
3 5
3 2
3 4
3 12
3 13
3 10
7
4 3
4 6
4 2
4 10
4 0
4 5
4 1
10
5 3
5 9
5 13
5 12
5 2
5 11
5 4
5 6
5 0
5 1
9
6 4
6 1
6 8
6 3
6 10
6 7
6 11
6 12
6 9
8
7 1
7 4
7 13
7 12
7 0
7 11
7 9
7 2
9
8 11
8 5
8 2
8 12
8 3
8 1
8 7
8 0
8 9
12
9 8
9 3
9 0
9 11
9 1
9 7
9 5
9 12
9 2
9 6
9 13
9 4
8
10 5
10 7
10 6
10 3
10 12
10 1
10 8
10 9
8
11 4
11 5
11 7
11 6
11 1
11 2
11 8
11 12
7
12 6
12 10
12 7
12 8
12 5
12 9
12 0
5
13 4
13 7
13 0
13 6
13 1
