14
0 "V1"
1 "V2"
2 "V3"
3 "V4"
4 "V5"
5 "V6"
6 "V7"
7 "V8"
8 "V9"
9 "V10"
10 "V11"
11 "V12"
12 "V13"
13 "V14"
10
0 4
0 1
0 10
0 5
0 6
0 2
0 13
0 11
0 7
0 9
9
1 3
1 10
1 2
1 4
1 6
1 0
1 7
1 9
1 8
11
2 3
2 7
2 5
2 0
2 8
2 4
2 13
2 10
2 6
2 11
2 9
7
3 9
3 5
3 1
3 0
3 4
3 6
3 11
13
4 12
4 10
4 9
4 2
4 0
4 5
4 11
4 7
4 8
4 1
4 13
4 3
4 6
10
5 11
5 7
5 12
5 10
5 3
5 0
5 1
5 9
5 13
5 8
9
6 4
6 12
6 8
6 3
6 7
6 1
6 0
6 10
6 9
8
7 2
7 11
7 13
7 1
7 10
7 4
7 5
7 6
8
8 1
8 4
8 7
8 2
8 13
8 3
8 9
8 0
9
9 8
9 1
9 6
9 5
9 2
9 11
9 7
9 4
9 12
10
10 4
10 3
10 8
10 6
10 9
10 0
10 1
10 5
10 2
10 12
5
11 9
11 2
11 8
11 12
11 7
7
12 8
12 6
12 5
12 10
12 13
12 2
12 11
7
13 1
13 8
13 6
13 4
13 9
13 3
13 5
