14
0 "V1"
1 "V2"
2 "V3"
3 "V4"
4 "V5"
5 "V6"
6 "V7"
7 "V8"
8 "V9"
9 "V10"
10 "V11"
11 "V12"
12 "V13"
13 "V14"
9
0 9
0 4
0 3
0 7
0 11
0 2
0 6
0 8
0 1
11
1 3
1 11
1 0
1 12
1 5
1 4
1 7
1 6
1 9
1 13
1 2
8
2 10
2 5
2 8
2 0
2 12
2 9
2 1
2 11
10
3 12
3 5
3 8
3 1
3 0
3 6
3 10
3 13
3 9
3 11
8
4 11
4 10
4 3
4 9
4 0
4 6
4 1
4 8
9
5 4
5 3
5 0
5 6
5 9
5 11
5 12
5 7
5 10
9
6 4
6 3
6 8
6 5
6 9
6 0
6 11
6 7
6 1
8
7 11
7 3
7 1
7 10
7 9
7 6
7 8
7 13
11
8 1
8 6
8 5
8 0
8 2
8 4
8 9
8 7
8 3
8 12
8 10
10
9 8
9 4
9 0
9 7
9 2
9 3
9 1
9 6
9 13
9 10
9
10 9
10 1
10 3
10 4
10 0
10 2
10 6
10 12
10 7
12
11 0
11 8
11 1
11 4
11 13
11 7
11 2
11 3
11 9
11 5
11 10
11 6
7
12 11
12 2
12 8
12 3
12 5
12 10
12 0
3
13 12
13 8
13 4
