14
0 "V1"
1 "V2"
2 "V3"
3 "V4"
4 "V5"
5 "V6"
6 "V7"
7 "V8"
8 "V9"
9 "V10"
10 "V11"
11 "V12"
12 "V13"
13 "V14"
7
0 1
0 8
0 12
0 4
0 5
0 9
0 2
8
1 0
1 4
1 9
1 7
1 12
1 3
1 5
1 11
12
2 1
2 9
2 4
2 8
2 3
2 0
2 6
2 13
2 5
2 10
2 11
2 7
5
3 1
3 7
3 8
3 2
3 11
12
4 7
4 8
4 9
4 0
4 10
4 13
4 11
4 2
4 5
4 3
4 1
4 12
6
5 6
5 7
5 2
5 1
5 0
5 8
6
6 3
6 7
6 1
6 8
6 5
6 2
8
7 4
7 11
7 13
7 12
7 5
7 2
7 9
7 1
8
8 4
8 1
8 9
8 3
8 12
8 10
8 6
8 2
6
9 1
9 2
9 10
9 7
9 8
9 12
5
10 6
10 1
10 4
10 3
10 2
3
11 7
11 0
11 5
8
12 0
12 11
12 10
12 3
12 7
12 8
12 5
12 2
2
13 1
13 2
