14
0 "V1"
1 "V2"
2 "V3"
3 "V4"
4 "V5"
5 "V6"
6 "V7"
7 "V8"
8 "V9"
9 "V10"
10 "V11"
11 "V12"
12 "V13"
13 "V14"
7
0 7
0 9
0 10
0 6
0 1
0 2
0 5
10
1 7
1 8
1 6
1 0
1 12
1 9
1 3
1 5
1 4
1 10
6
2 6
2 7
2 9
2 13
2 4
2 1
9
3 2
3 10
3 4
3 6
3 13
3 1
3 0
3 11
3 12
6
4 3
4 0
4 10
4 5
4 2
4 7
5
5 7
5 3
5 4
5 2
5 11
7
6 4
6 8
6 5
6 1
6 0
6 11
6 7
8
7 6
7 13
7 1
7 2
7 5
7 10
7 9
7 3
7
8 11
8 4
8 2
8 10
8 0
8 12
8 9
8
9 5
9 7
9 0
9 1
9 8
9 11
9 2
9 12
6
10 13
10 5
10 4
10 2
10 1
10 8
6
11 6
11 12
11 7
11 9
11 1
11 3
7
12 4
12 10
12 5
12 3
12 1
12 11
12 6
1
13 1
