14
0 "V1"
1 "V2"
2 "V3"
3 "V4"
4 "V5"
5 "V6"
6 "V7"
7 "V8"
8 "V9"
9 "V10"
10 "V11"
11 "V12"
12 "V13"
13 "V14"
8
0 4
0 11
0 3
0 6
0 1
0 2
0 7
0 8
11
1 9
1 8
1 12
1 5
1 4
1 7
1 13
1 0
1 6
1 2
1 10
7
2 11
2 5
2 12
2 9
2 6
2 13
2 1
5
3 6
3 8
3 13
3 0
3 10
9
4 7
4 9
4 0
4 10
4 8
4 2
4 3
4 5
4 1
10
5 1
5 2
5 4
5 7
5 0
5 8
5 12
5 6
5 13
5 9
10
6 12
6 4
6 1
6 3
6 9
6 8
6 5
6 0
6 10
6 2
9
7 3
7 2
7 11
7 13
7 9
7 1
7 4
7 8
7 0
10
8 12
8 2
8 0
8 11
8 9
8 5
8 6
8 13
8 3
8 1
9
9 12
9 7
9 4
9 8
9 5
9 1
9 2
9 13
9 11
4
10 7
10 6
10 2
10 1
6
11 12
11 13
11 8
11 1
11 3
11 4
7
12 7
12 8
12 6
12 1
12 4
12 5
12 0
8
13 7
13 2
13 0
13 8
13 5
13 4
13 9
13 6
