14
0 "V1"
1 "V2"
2 "V3"
3 "V4"
4 "V5"
5 "V6"
6 "V7"
7 "V8"
8 "V9"
9 "V10"
10 "V11"
11 "V12"
12 "V13"
13 "V14"
12
0 5
0 13
0 11
0 8
0 3
0 9
0 10
0 12
0 1
0 7
0 2
0 4
9
1 11
1 0
1 6
1 13
1 9
1 3
1 12
1 4
1 2
12
2 5
2 12
2 11
2 7
2 1
2 4
2 8
2 6
2 10
2 9
2 0
2 13
9
3 11
3 10
3 7
3 4
3 0
3 2
3 9
3 5
3 6
8
4 3
4 11
4 7
4 12
4 5
4 1
4 13
4 6
10
5 7
5 10
5 12
5 9
5 0
5 4
5 2
5 13
5 1
5 6
7
6 0
6 5
6 9
6 8
6 12
6 2
6 1
11
7 10
7 6
7 3
7 9
7 4
7 0
7 2
7 5
7 11
7 8
7 1
6
8 6
8 7
8 11
8 1
8 9
8 10
8
9 10
9 2
9 0
9 7
9 3
9 12
9 6
9 8
11
10 8
10 3
10 2
10 9
10 0
10 7
10 1
10 5
10 13
10 11
10 6
9
11 0
11 10
11 2
11 3
11 1
11 9
11 7
11 6
11 4
5
12 3
12 6
12 0
12 2
12 5
5
13 5
13 0
13 6
13 12
13 1
