14
0 "V1"
1 "V2"
2 "V3"
3 "V4"
4 "V5"
5 "V6"
6 "V7"
7 "V8"
8 "V9"
9 "V10"
10 "V11"
11 "V12"
12 "V13"
13 "V14"
9
0 7
0 13
0 10
0 4
0 6
0 1
0 2
0 12
0 9
11
1 12
1 3
1 5
1 11
1 8
1 2
1 0
1 13
1 4
1 7
1 6
11
2 1
2 7
2 4
2 6
2 0
2 5
2 10
2 12
2 3
2 9
2 2
8
3 11
3 9
3 12
3 10
3 7
3 0
3 1
3 2
8
4 9
4 13
4 1
4 10
4 7
4 5
4 6
4 3
7
5 1
5 4
5 13
5 12
5 2
5 6
5 0
10
6 10
6 11
6 4
6 3
6 0
6 2
6 8
6 9
6 7
6 13
12
7 11
7 13
7 9
7 10
7 12
7 1
7 6
7 3
7 0
7 5
7 4
7 2
5
8 13
8 0
8 5
8 6
8 2
9
9 7
9 6
9 10
9 3
9 5
9 13
9 12
9 1
9 8
9
10 3
10 4
10 7
10 2
10 1
10 11
10 8
10 5
10 9
5
11 4
11 3
11 9
11 7
11 10
10
12 6
12 3
12 13
12 10
12 9
12 5
12 2
12 1
12 0
12 8
7
13 0
13 7
13 1
13 3
13 2
13 6
13 8
