14
0 "V1"
1 "V2"
2 "V3"
3 "V4"
4 "V5"
5 "V6"
6 "V7"
7 "V8"
8 "V9"
9 "V10"
10 "V11"
11 "V12"
12 "V13"
13 "V14"
8
0 9
0 10
0 11
0 2
0 6
0 3
0 13
0 4
6
1 2
1 6
1 11
1 10
1 0
1 5
6
2 12
2 8
2 10
2 7
2 11
2 6
6
3 9
3 0
3 7
3 12
3 4
3 1
8
4 2
4 1
4 6
4 3
4 8
4 7
4 11
4 13
5
5 12
5 11
5 8
5 10
5 4
5
6 2
6 10
6 3
6 11
6 5
7
7 1
7 11
7 10
7 5
7 6
7 4
7 13
5
8 4
8 11
8 7
8 12
8 1
3
9 5
9 1
9 0
6
10 9
10 11
10 2
10 3
10 6
10 8
7
11 10
11 7
11 8
11 0
11 4
11 3
11 1
8
12 6
12 7
12 3
12 4
12 9
12 8
12 11
12 2
4
13 0
13 4
13 5
13 7
