14
0 "V1"
1 "V2"
2 "V3"
3 "V4"
4 "V5"
5 "V6"
6 "V7"
7 "V8"
8 "V9"
9 "V10"
10 "V11"
11 "V12"
12 "V13"
13 "V14"
8
0 10
0 9
0 4
0 2
0 3
0 13
0 6
0 5
6
1 4
1 12
1 2
1 6
1 11
1 3
5
2 12
2 0
2 1
2 6
2 10
8
3 10
3 4
3 0
3 8
3 9
3 6
3 12
3 7
5
4 12
4 1
4 6
4 0
4 9
5
5 2
5 9
5 12
5 10
5 0
8
6 8
6 12
6 1
6 7
6 3
6 10
6 9
6 13
5
7 0
7 9
7 12
7 10
7 6
5
8 10
8 2
8 5
8 3
8 7
6
9 10
9 7
9 5
9 12
9 2
9 3
6
10 11
10 0
10 13
10 3
10 8
10 5
7
11 9
11 3
11 0
11 13
11 2
11 8
11 7
7
12 2
12 1
12 13
12 0
12 11
12 5
12 3
3
13 0
13 11
13 12
