14
0 "V1"
1 "V2"
2 "V3"
3 "V4"
4 "V5"
5 "V6"
6 "V7"
7 "V8"
8 "V9"
9 "V10"
10 "V11"
11 "V12"
12 "V13"
13 "V14"
9
0 10
0 7
0 6
0 13
0 9
0 1
0 12
0 8
0 3
12
1 12
1 9
1 5
1 6
1 10
1 4
1 2
1 13
1 8
1 7
1 11
1 0
12
2 11
2 3
2 7
2 6
2 4
2 13
2 8
2 1
2 10
2 0
2 12
2 9
10
3 13
3 11
3 10
3 1
3 2
3 7
3 8
3 12
3 9
3 4
7
4 12
4 3
4 1
4 9
4 5
4 11
4 13
9
5 1
5 8
5 6
5 2
5 12
5 10
5 7
5 13
5 11
9
6 12
6 1
6 10
6 5
6 11
6 4
6 0
6 8
6 2
11
7 9
7 12
7 2
7 13
7 6
7 3
7 10
7 4
7 1
7 8
7 11
12
8 10
8 0
8 1
8 5
8 13
8 6
8 7
8 4
8 11
8 3
8 2
8 9
10
9 12
9 8
9 5
9 2
9 10
9 7
9 1
9 11
9 6
9 0
9
10 9
10 3
10 11
10 1
10 2
10 7
10 5
10 13
10 8
10
11 3
11 8
11 7
11 5
11 2
11 0
11 1
11 6
11 13
11 12
10
12 3
12 7
12 6
12 0
12 8
12 4
12 11
12 10
12 5
12 2
7
13 0
13 1
13 5
13 3
13 7
13 4
13 10
