14
0 "V1"
1 "V2"
2 "V3"
3 "V4"
4 "V5"
5 "V6"
6 "V7"
7 "V8"
8 "V9"
9 "V10"
10 "V11"
11 "V12"
12 "V13"
13 "V14"
8
0 13
0 6
0 4
0 1
0 3
0 10
0 2
0 8
9
1 11
1 0
1 4
1 8
1 6
1 13
1 3
1 10
1 2
8
2 6
2 1
2 8
2 7
2 10
2 9
2 11
2 13
9
3 9
3 4
3 2
3 0
3 7
3 1
3 6
3 13
3 5
8
4 1
4 0
4 11
4 5
4 7
4 10
4 12
4 2
8
5 2
5 9
5 11
5 6
5 10
5 1
5 13
5 4
8
6 2
6 10
6 5
6 13
6 7
6 1
6 8
6 9
6
7 11
7 1
7 0
7 4
7 2
7 10
7
8 11
8 9
8 5
8 4
8 6
8 7
8 3
8
9 3
9 10
9 1
9 7
9 8
9 11
9 0
9 12
8
10 0
10 3
10 12
10 13
10 7
10 11
10 1
10 8
6
11 3
11 0
11 4
11 5
11 9
11 10
3
12 2
12 9
12 13
10
13 0
13 7
13 4
13 2
13 8
13 1
13 5
13 6
13 11
13 9
