14
0 "V1"
1 "V2"
2 "V3"
3 "V4"
4 "V5"
5 "V6"
6 "V7"
7 "V8"
8 "V9"
9 "V10"
10 "V11"
11 "V12"
12 "V13"
13 "V14"
7
0 2
0 3
0 1
0 5
0 6
0 10
0 9
11
1 6
1 13
1 10
1 7
1 2
1 3
1 8
1 12
1 5
1 9
1 11
11
2 7
2 1
2 11
2 5
2 10
2 6
2 4
2 9
2 12
2 13
2 8
9
3 11
3 12
3 4
3 10
3 5
3 6
3 1
3 13
3 7
9
4 12
4 1
4 8
4 2
4 3
4 7
4 0
4 13
4 5
10
5 4
5 8
5 9
5 11
5 2
5 1
5 0
5 12
5 7
5 10
12
6 4
6 9
6 12
6 10
6 3
6 8
6 11
6 2
6 5
6 13
6 7
6 0
13
7 4
7 5
7 10
7 13
7 8
7 1
7 2
7 9
7 12
7 11
7 3
7 6
7 0
9
8 1
8 10
8 9
8 5
8 13
8 6
8 12
8 3
8 2
9
9 7
9 12
9 5
9 1
9 2
9 6
9 10
9 3
9 4
10
10 4
10 8
10 7
10 1
10 11
10 2
10 5
10 0
10 3
10 9
10
11 1
11 13
11 3
11 2
11 10
11 8
11 4
11 7
11 9
11 12
10
12 9
12 8
12 11
12 1
12 13
12 2
12 6
12 7
12 3
12 5
8
13 10
13 11
13 3
13 1
13 9
13 0
13 5
13 8
