14
0 "V1"
1 "V2"
2 "V3"
3 "V4"
4 "V5"
5 "V6"
6 "V7"
7 "V8"
8 "V9"
9 "V10"
10 "V11"
11 "V12"
12 "V13"
13 "V14"
9
0 4
0 2
0 3
0 11
0 8
0 1
0 5
0 6
0 7
6
1 6
1 12
1 7
1 3
1 4
1 10
7
2 3
2 7
2 6
2 10
2 8
2 9
2 1
10
3 13
3 5
3 12
3 7
3 9
3 8
3 0
3 4
3 1
3 11
6
4 0
4 12
4 6
4 1
4 5
4 11
5
5 6
5 13
5 1
5 3
5 4
8
6 9
6 12
6 5
6 1
6 11
6 8
6 4
6 7
9
7 13
7 0
7 2
7 8
7 11
7 3
7 6
7 5
7 12
6
8 9
8 13
8 7
8 10
8 2
8 1
8
9 7
9 4
9 13
9 0
9 6
9 12
9 11
9 1
6
10 11
10 2
10 9
10 7
10 1
10 6
7
11 7
11 10
11 0
11 9
11 2
11 5
11 1
9
12 5
12 2
12 7
12 1
12 10
12 9
12 0
12 3
12 13
7
13 5
13 10
13 12
13 8
13 0
13 2
13 6
