14
0 "V1"
1 "V2"
2 "V3"
3 "V4"
4 "V5"
5 "V6"
6 "V7"
7 "V8"
8 "V9"
9 "V10"
10 "V11"
11 "V12"
12 "V13"
13 "V14"
9
0 3
0 2
0 11
0 5
0 12
0 7
0 6
0 10
0 8
8
1 9
1 10
1 8
1 11
1 5
1 13
1 0
1 7
11
2 11
2 8
2 1
2 0
2 13
2 6
2 9
2 5
2 12
2 10
2 3
10
3 12
3 2
3 11
3 10
3 6
3 13
3 0
3 9
3 1
3 4
3
4 11
4 6
4 5
9
5 2
5 4
5 6
5 11
5 12
5 0
5 8
5 13
5 3
8
6 5
6 3
6 4
6 10
6 7
6 9
6 1
6 8
7
7 3
7 8
7 0
7 12
7 11
7 9
7 10
6
8 13
8 1
8 10
8 2
8 5
8 12
7
9 7
9 12
9 0
9 10
9 2
9 1
9 6
6
10 7
10 6
10 3
10 1
10 9
10 11
7
11 8
11 3
11 0
11 7
11 2
11 9
11 10
9
12 7
12 1
12 13
12 10
12 5
12 8
12 3
12 0
12 9
8
13 5
13 1
13 6
13 2
13 7
13 11
13 3
13 10
