14
0 "V1"
1 "V2"
2 "V3"
3 "V4"
4 "V5"
5 "V6"
6 "V7"
7 "V8"
8 "V9"
9 "V10"
10 "V11"
11 "V12"
12 "V13"
13 "V14"
8
0 9
0 13
0 12
0 11
0 7
0 1
0 2
0 6
7
1 9
1 12
1 5
1 10
1 4
1 0
1 11
8
2 7
2 10
2 5
2 12
2 9
2 1
2 13
2 0
7
3 7
3 13
3 0
3 10
3 4
3 11
3 12
7
4 13
4 11
4 9
4 10
4 5
4 3
4 1
4
5 10
5 9
5 0
5 12
4
6 1
6 7
6 13
6 12
5
7 9
7 11
7 4
7 5
7 10
4
8 11
8 10
8 9
8 13
8
9 6
9 12
9 0
9 1
9 3
9 7
9 2
9 8
9
10 12
10 3
10 6
10 7
10 11
10 0
10 9
10 5
10 1
10
11 0
11 4
11 3
11 12
11 8
11 9
11 13
11 1
11 6
11 5
9
12 0
12 11
12 7
12 4
12 3
12 9
12 5
12 13
12 1
9
13 8
13 2
13 5
13 12
13 0
13 6
13 7
13 10
13 4
